16581485
30008853
1414749
14242
21164658
1027
21084442
316
21474718
1651
-106
28422671
11535476
12669
1983962
3306
32
1127626
6733624
24202
13109079
17754133
23794651
-11461
29805471
-265991
3339
4200754
21312537
24304330
2647254
32034484
-98047
5084641
13888754
32412239
-567832
12877222
-15162
336896
-189395
13640485
10892297
-46634
6825137
952
11688349
27821456
17995739
6249321
1332721
3039
8159
3178166
-11023
33400277
9686075
4558546
19637812
1640650
149
12913978
68
8251385
14667
23638
-351339
2575866
16749372
27538092
23663602
2361533
12928686
19046192
379339
17303530
6583256
12110206
860
96039
254939
281
20769
4905337
38787
8617091
19844958
162495
2272650
278845
7065286
974463
-1210290
1174775
11516435
340042
1614516
10475689
-8928
-40348
1656
36069
36488744
3391031
-202
20082
167
22458176
223435
781
7177366
-101885
35633105
19512108
8292952
2666
7436987
3201068
22928227
14935822
76878
27103734
13214766
10641702
-3314
15188674
17518496
379852
14545233
30127490
27880566
41599
2565
32587285
1263178
202988
19012413
23312735
39026409
2022273
26437899
2295
33042107
-929
264
180067
1249647
73672
23487204
18629866
847813
3296076
-48849
192875
30509991
994660
-67
31472017
311
144
26060039
18510579
16474176
14335999
9849992
7926022
36
10587717
160
5688645
11369
20188
-8513
30303147
2700745
-2777
20148101
3985790
12351418
-139
2471305
273
5983347
10466779
-1385426
9015879
10819191
1422
196
95007
7764969
22456344
13478803
-382026
-2272065
-818749
131
27885921
317
4535141