16581480
30008850
1414736
14233
21164655
1024
21084443
302
21474715
1645
-101
28422675
11535467
12660
1983949
3293
31
1127629
6733617
24187
13109070
17754136
23794638
-11460
29805456
-265989
3325
4200747
21312533
24304327
2647245
32034477
-98045
5084638
13888748
32412240
-567827
12877227
-15157
336891
-189391
13640488
10892290
-46633
6825132
948
11688352
27821442
17995724
6249326
1332707
3027
8154
3178153
-11020
33400263
9686068
4558539
19637813
1640635
142
12913966
65
8251378
14658
23624
-351336
2575857
16749363
27538083
23663605
2361534
12928684
19046179
379328
17303532
6583241
12110195
856
96033
254938
268
20757
4905330
38784
8617089
19844961
162489
2272639
278837
7065291
974454
-1210287
1174765
11516438
340031
1614509
10475675
-8923
-40346
1650
36072
36488730
3391021
-201
20069
160
22458166
223428
778
7177354
-101880
35633104
19512097
8292954
2665
7436974
3201072
22928218
14935813
76867
27103739
13214756
10641701
-3311
15188669
17518494
379838
14545236
30127477
27880565
41594
2555
32587270
1263163
202985
19012405
23312721
39026407
2022263
26437885
2285
33042100
-925
252
180064
1249636
73665
23487205
18629854
847802
3296079
-48846
192872
30509996
994647
-64
31472022
310
138
26060032
18510567
16474172
14335996
9849980
7926016
35
10587707
153
5688634
11361
20175
-8511
30303139
2700730
-2775
20148099
3985787
12351423
-137
2471300
261
5983348
10466781
-1385421
9015872
10819177
1416
187
94995
7764963
22456339
13478804
-382021
-2272063
-818744
125
27885907
303
4535146